student:56.8902249894
comput:33.965153243
research:31.3095973839
project:26.8432505809
scienc:21.3920900372
program:17.0629244805
educ:16.7736074519
underrepres:14.2152451869
undergradu:14.1409321326
school:13.4339637194
particip:11.6294272987
graduat:10.6747387541
teacher:10.2362739185
develop:9.38036597298
minor:9.02978216289
experi:9.02738613387
engag:8.98105030613
activ:8.02930307203
provid:7.65847189677
women:7.64519403413
institut:7.15011420829
includ:6.91239151211
new:6.85222327695
impact:6.78446929941
learn:6.66502711171
group:6.60881329922
mentor:6.48540721548
train:6.14164276592
opportun:5.59058804024
univers:5.54412736519
summer:5.49195904702
pi:5.46035203887
faculti:5.45756887278
recruit:5.30896372084
career:5.01238262444
increas:4.97139518981
colleg:4.72162670522
support:4.70256620731
collabor:4.68805816006
divers:4.5942217569
