water:39.9048177452
ecosystem:33.3904596534
environment:30.3210708238
urban:27.6134937674
legal:13.3001428992
model:12.5941389497
regul:12.5084193177
ecolog:12.4346577796
region:11.9211819674
regulatori:11.8821369707
land:11.2471799434
chang:9.85769624785
abus:9.4011189439
footprint:9.0302897493
sea:9.02185136377
agricultur:8.76181293593
amazon:8.63936219557
use:8.44458251527
cycl:8.02617812891
geoscienc:7.93613247386
project:6.23439147074
multi:6.17739630831
ga:5.89784750605
soil:5.63827091554
develop:5.63105242159
respons:5.48448321339
natur:5.45432296946
aquat:5.38822475129
transport:5.25984938242
collect:5.19895702164
product:4.97897453676
recycl:4.97661937785
transform:4.88207692883
complex:4.63886459682
river:4.33459973585
greenhous:4.21002778138
spent:4.16270640143
time:4.13983438267
larg:4.04088389126
includ:4.0356340095
