research:65.5032214381
infrastructur:29.6527736302
commun:21.8312521415
system:16.2894426858
develop:12.995407926
smart:12.9837094898
project:12.5385879995
enabl:12.1671219159
impact:11.7128841596
broader:11.3037231069
industri:11.0851408219
network:10.8234930703
area:9.60437756798
support:9.28857855365
challeng:9.27551906425
futur:9.01080939304
new:8.87327858822
comput:8.3771389128
includ:8.30931252428
merit:8.13506358674
provid:6.9401556453
intellectu:6.87454731051
activ:6.09259220699
propos:5.56001740806
collabor:5.5560292429
effort:5.49430638156
technolog:5.4693505828
leverag:5.35386308412
address:5.31726833871
workshop:5.13474789055
build:4.95693864824
share:4.5888225312
experiment:4.32448669752
applic:4.22484651248
need:4.22381847674
integr:4.07612348616
pervas:4.06945864659
also:4.02259784284
design:4.01344225328
educ:3.97402712129
