network:169.590973927
wireless:53.2563404186
sensor:34.6768708965
commun:22.7089207131
project:19.7619412396
layer:14.328369933
deploy:13.0558647354
node:12.8464247462
protocol:10.9691643787
design:10.2607933073
develop:9.63028915925
testb:9.12270407496
mobil:8.95029223719
physic:8.90097499811
stack:7.32986716589
wsn:6.76677548339
provid:6.69964613613
sens:6.45983737994
research:6.25414949829
enabl:5.81586868984
radio:5.80461856069
distribut:5.70378065009
applic:5.63194547546
access:5.50316951674
connect:5.42490111958
propos:5.40823434982
use:5.35143840534
also:5.11037677637
new:5.10677129062
link:4.81565616182
emerg:4.75782238493
effici:4.73579951926
oper:4.72664526801
dynam:4.53087311119
technolog:4.49504054128
ad:4.28609833152
dissemin:4.27696399103
control:4.20011672809
monitor:4.134767235
via:4.08006447848
